0.000000	1.000000	0.000000	0.000000
0.017453	0.999848	0.000000	0.000000
0.034907	0.999391	0.000000	0.000000
0.052360	0.998630	0.000000	0.000000
0.069813	0.997564	0.000000	0.000000
0.087266	0.996195	0.000000	0.000000
0.104720	0.994522	0.000000	0.000000
0.122173	0.992546	0.000000	0.000000
0.139626	0.990268	0.000000	0.000000
0.157080	0.987688	0.000000	0.000000
0.174533	0.984808	0.000000	0.000000
0.191986	0.981627	0.000000	0.000000
0.209440	0.978148	0.000000	0.000000
0.226893	0.974370	0.000000	0.000000
0.244346	0.970296	0.000000	0.000000
0.261799	0.965926	0.000000	0.000000
0.279253	0.961262	0.000000	0.000000
0.296706	0.956305	0.000000	0.000000
0.314159	0.951057	0.000000	0.000000
0.331613	0.945519	0.000000	0.000000
0.349066	0.939693	0.000000	0.000000
0.366519	0.933580	0.000000	0.000000
0.383972	0.927184	0.000000	0.000000
0.401426	0.920505	0.000000	0.000000
0.418879	0.913545	0.000000	0.000000
0.436332	0.906308	0.000000	0.000000
0.453786	0.898794	0.000000	0.000000
0.471239	0.891007	0.000000	0.000000
0.488692	0.882948	0.000000	0.000000
0.506145	0.874620	0.000000	0.000000
0.523599	0.866025	0.000000	0.000000
0.541052	0.857167	0.000000	0.000000
0.558505	0.848048	0.000000	0.000000
0.575959	0.838671	0.000000	0.000000
0.593412	0.829038	0.000000	0.000000
0.610865	0.819152	0.000000	0.000000
0.628319	0.809017	0.000000	0.000000
0.645772	0.798636	0.000000	0.000000
0.663225	0.788011	0.000000	0.000000
0.680678	0.777146	0.000000	0.000000
0.698132	0.766044	0.000000	0.000000
0.715585	0.754710	0.000000	0.000000
0.733038	0.743145	0.000000	0.000000
0.750492	0.731354	0.000000	0.000000
0.767945	0.719340	0.000000	0.000000
0.785398	0.707107	0.000000	0.000000
0.802851	0.694658	0.000000	0.000000
0.820305	0.681998	0.000000	0.000000
0.837758	0.669131	0.000000	0.000000
0.855211	0.656059	0.000000	0.000000
0.872665	0.642788	0.000000	0.000000
0.890118	0.629320	0.000000	0.000000
0.907571	0.615661	0.000000	0.000000
0.925025	0.601815	0.000000	0.000000
0.942478	0.587785	0.000000	0.000000
0.959931	0.573576	0.000000	0.000000
0.977384	0.559193	0.000000	0.000000
0.994838	0.544639	0.000000	0.000000
1.012291	0.529919	0.000000	0.000000
1.029744	0.515038	0.000000	0.000000
1.047198	0.500000	0.000000	0.000000
1.064651	0.484810	0.000000	0.000000
1.082104	0.469472	0.000000	0.000000
1.099557	0.453991	0.000000	0.000000
1.117011	0.438371	0.000000	0.000000
1.134464	0.422618	0.000000	0.000000
1.151917	0.406737	0.000000	0.000000
1.169371	0.390731	0.000000	0.000000
1.186824	0.374607	0.000000	0.000000
1.204277	0.358368	0.000000	0.000000
1.221730	0.342020	0.000000	0.000000
1.239184	0.325568	0.000000	0.000000
1.256637	0.309017	0.000000	0.000000
1.274090	0.292372	0.000000	0.000000
1.291544	0.275637	0.000000	0.000000
1.308997	0.258819	0.000000	0.000000
1.326450	0.241922	0.000000	0.000000
1.343904	0.224951	0.000000	0.000000
1.361357	0.207912	0.000000	0.000000
1.378810	0.190809	0.000000	0.000000
1.396263	0.173648	0.000000	0.000000
1.413717	0.156434	0.000000	0.000000
1.431170	0.139173	0.000000	0.000000
1.448623	0.121869	0.000000	0.000000
1.466077	0.104528	0.000000	0.000000
1.483530	0.087156	0.000000	0.000000
1.500983	0.069756	0.000000	0.000000
1.518436	0.052336	0.000000	0.000000
1.535890	0.034899	0.000000	0.000000
1.553343	0.017452	0.000000	0.000000
1.570796	0.000000	0.000000	0.000000
1.588250	-0.017452	0.000000	0.000000
1.605703	-0.034899	0.000000	0.000000
1.623156	-0.052336	0.000000	0.000000
1.640609	-0.069756	0.000000	0.000000
1.658063	-0.087156	0.000000	0.000000
1.675516	-0.104528	0.000000	0.000000
1.692969	-0.121869	0.000000	0.000000
1.710423	-0.139173	0.000000	0.000000
1.727876	-0.156434	0.000000	0.000000
1.745329	-0.173648	0.000000	0.000000
1.762783	-0.190809	0.000000	0.000000
1.780236	-0.207912	0.000000	0.000000
1.797689	-0.224951	0.000000	0.000000
1.815142	-0.241922	0.000000	0.000000
1.832596	-0.258819	0.000000	0.000000
1.850049	-0.275637	0.000000	0.000000
1.867502	-0.292372	0.000000	0.000000
1.884956	-0.309017	0.000000	0.000000
1.902409	-0.325568	0.000000	0.000000
1.919862	-0.342020	0.000000	0.000000
1.937315	-0.358368	0.000000	0.000000
1.954769	-0.374607	0.000000	0.000000
1.972222	-0.390731	0.000000	0.000000
1.989675	-0.406737	0.000000	0.000000
2.007129	-0.422618	0.000000	0.000000
2.024582	-0.438371	0.000000	0.000000
2.042035	-0.453990	0.000000	0.000000
2.059489	-0.469472	0.000000	0.000000
2.076942	-0.484810	0.000000	0.000000
2.094395	-0.500000	0.000000	0.000000
2.111848	-0.515038	0.000000	0.000000
2.129302	-0.529919	0.000000	0.000000
2.146755	-0.544639	0.000000	0.000000
2.164208	-0.559193	0.000000	0.000000
2.181662	-0.573576	0.000000	0.000000
2.199115	-0.587785	0.000000	0.000000
2.216568	-0.601815	0.000000	0.000000
2.234021	-0.615661	0.000000	0.000000
2.251475	-0.629320	0.000000	0.000000
2.268928	-0.642788	0.000000	0.000000
2.286381	-0.656059	0.000000	0.000000
2.303835	-0.669131	0.000000	0.000000
2.321288	-0.681998	0.000000	0.000000
2.338741	-0.694658	0.000000	0.000000
2.356194	-0.707107	0.000000	0.000000
2.373648	-0.719340	0.000000	0.000000
2.391101	-0.731354	0.000000	0.000000
2.408554	-0.743145	0.000000	0.000000
2.426008	-0.754710	0.000000	0.000000
2.443461	-0.766044	0.000000	0.000000
2.460914	-0.777146	0.000000	0.000000
2.478368	-0.788011	0.000000	0.000000
2.495821	-0.798636	0.000000	0.000000
2.513274	-0.809017	0.000000	0.000000
2.530727	-0.819152	0.000000	0.000000
2.548181	-0.829038	0.000000	0.000000
2.565634	-0.838671	0.000000	0.000000
2.583087	-0.848048	0.000000	0.000000
2.600541	-0.857167	0.000000	0.000000
2.617994	-0.866025	0.000000	0.000000
2.635447	-0.874620	0.000000	0.000000
2.652900	-0.882948	0.000000	0.000000
2.670354	-0.891007	0.000000	0.000000
2.687807	-0.898794	0.000000	0.000000
2.705260	-0.906308	0.000000	0.000000
2.722714	-0.913545	0.000000	0.000000
2.740167	-0.920505	0.000000	0.000000
2.757620	-0.927184	0.000000	0.000000
2.775074	-0.933580	0.000000	0.000000
2.792527	-0.939693	0.000000	0.000000
2.809980	-0.945519	0.000000	0.000000
2.827433	-0.951057	0.000000	0.000000
2.844887	-0.956305	0.000000	0.000000
2.862340	-0.961262	0.000000	0.000000
2.879793	-0.965926	0.000000	0.000000
2.897247	-0.970296	0.000000	0.000000
2.914700	-0.974370	0.000000	0.000000
2.932153	-0.978148	0.000000	0.000000
2.949606	-0.981627	0.000000	0.000000
2.967060	-0.984808	0.000000	0.000000
2.984513	-0.987688	0.000000	0.000000
3.001966	-0.990268	0.000000	0.000000
3.019420	-0.992546	0.000000	0.000000
3.036873	-0.994522	0.000000	0.000000
3.054326	-0.996195	0.000000	0.000000
3.071779	-0.997564	0.000000	0.000000
3.089233	-0.998630	0.000000	0.000000
3.106686	-0.999391	0.000000	0.000000
3.124139	-0.999848	0.000000	0.000000
3.141593	-1.000000	0.000000	0.000000
3.159046	-0.999848	0.000000	0.000000
3.176499	-0.999391	0.000000	0.000000
3.193953	-0.998630	0.000000	0.000000
3.211406	-0.997564	0.000000	0.000000
3.228859	-0.996195	0.000000	0.000000
3.246312	-0.994522	0.000000	0.000000
3.263766	-0.992546	0.000000	0.000000
3.281219	-0.990268	0.000000	0.000000
3.298672	-0.987688	0.000000	0.000000
3.316126	-0.984808	0.000000	0.000000
3.333579	-0.981627	0.000000	0.000000
3.351032	-0.978148	0.000000	0.000000
3.368485	-0.974370	0.000000	0.000000
3.385939	-0.970296	0.000000	0.000000
3.403392	-0.965926	0.000000	0.000000
3.420845	-0.961262	0.000000	0.000000
3.438299	-0.956305	0.000000	0.000000
3.455752	-0.951057	0.000000	0.000000
3.473205	-0.945519	0.000000	0.000000
3.490659	-0.939693	0.000000	0.000000
3.508112	-0.933580	0.000000	0.000000
3.525565	-0.927184	0.000000	0.000000
3.543018	-0.920505	0.000000	0.000000
3.560472	-0.913545	0.000000	0.000000
3.577925	-0.906308	0.000000	0.000000
3.595378	-0.898794	0.000000	0.000000
3.612832	-0.891007	0.000000	0.000000
3.630285	-0.882948	0.000000	0.000000
3.647738	-0.874620	0.000000	0.000000
3.665191	-0.866025	0.000000	0.000000
3.682645	-0.857167	0.000000	0.000000
3.700098	-0.848048	0.000000	0.000000
3.717551	-0.838671	0.000000	0.000000
3.735005	-0.829038	0.000000	0.000000
3.752458	-0.819152	0.000000	0.000000
3.769911	-0.809017	0.000000	0.000000
3.787364	-0.798636	0.000000	0.000000
3.804818	-0.788011	0.000000	0.000000
3.822271	-0.777146	0.000000	0.000000
3.839724	-0.766044	0.000000	0.000000
3.857178	-0.754710	0.000000	0.000000
3.874631	-0.743145	0.000000	0.000000
3.892084	-0.731354	0.000000	0.000000
3.909538	-0.719340	0.000000	0.000000
3.926991	-0.707107	0.000000	0.000000
3.944444	-0.694658	0.000000	0.000000
3.961897	-0.681998	0.000000	0.000000
3.979351	-0.669131	0.000000	0.000000
3.996804	-0.656059	0.000000	0.000000
4.014257	-0.642788	0.000000	0.000000
4.031711	-0.629320	0.000000	0.000000
4.049164	-0.615661	0.000000	0.000000
4.066617	-0.601815	0.000000	0.000000
4.084070	-0.587785	0.000000	0.000000
4.101524	-0.573576	0.000000	0.000000
4.118977	-0.559193	0.000000	0.000000
4.136430	-0.544639	0.000000	0.000000
4.153884	-0.529919	0.000000	0.000000
4.171337	-0.515038	0.000000	0.000000
4.188790	-0.500000	0.000000	0.000000
4.206243	-0.484810	0.000000	0.000000
4.223697	-0.469472	0.000000	0.000000
4.241150	-0.453991	0.000000	0.000000
4.258603	-0.438371	0.000000	0.000000
4.276057	-0.422618	0.000000	0.000000
4.293510	-0.406737	0.000000	0.000000
4.310963	-0.390731	0.000000	0.000000
4.328417	-0.374607	0.000000	0.000000
4.345870	-0.358368	0.000000	0.000000
4.363323	-0.342020	0.000000	0.000000
4.380776	-0.325568	0.000000	0.000000
4.398230	-0.309017	0.000000	0.000000
4.415683	-0.292372	0.000000	0.000000
4.433136	-0.275637	0.000000	0.000000
4.450590	-0.258819	0.000000	0.000000
4.468043	-0.241922	0.000000	0.000000
4.485496	-0.224951	0.000000	0.000000
4.502949	-0.207912	0.000000	0.000000
4.520403	-0.190809	0.000000	0.000000
4.537856	-0.173648	0.000000	0.000000
4.555309	-0.156434	0.000000	0.000000
4.572763	-0.139173	0.000000	0.000000
4.590216	-0.121869	0.000000	0.000000
4.607669	-0.104528	0.000000	0.000000
4.625123	-0.087156	0.000000	0.000000
4.642576	-0.069756	0.000000	0.000000
4.660029	-0.052336	0.000000	0.000000
4.677482	-0.034900	0.000000	0.000000
4.694936	-0.017452	0.000000	0.000000
4.712389	-0.000000	0.000000	0.000002
4.729842	0.017452	0.000000	0.000000
4.747296	0.034899	0.000000	0.000000
4.764749	0.052336	0.000000	0.000000
4.782202	0.069756	0.000000	0.000000
4.799655	0.087156	0.000000	0.000000
4.817109	0.104528	0.000000	0.000000
4.834562	0.121869	0.000000	0.000000
4.852015	0.139173	0.000000	0.000000
4.869469	0.156434	0.000000	0.000000
4.886922	0.173648	0.000000	0.000000
4.904375	0.190809	0.000000	0.000000
4.921828	0.207912	0.000000	0.000000
4.939282	0.224951	0.000000	0.000000
4.956735	0.241922	0.000000	0.000000
4.974188	0.258819	0.000000	0.000000
4.991642	0.275637	0.000000	0.000000
5.009095	0.292372	0.000000	0.000000
5.026548	0.309017	0.000000	0.000000
5.044002	0.325568	0.000000	0.000000
5.061455	0.342020	0.000000	0.000000
5.078908	0.358368	0.000000	0.000000
5.096361	0.374607	0.000000	0.000000
5.113815	0.390731	0.000000	0.000000
5.131268	0.406737	0.000000	0.000000
5.148721	0.422618	0.000000	0.000000
5.166175	0.438371	0.000000	0.000000
5.183628	0.453990	0.000000	0.000000
5.201081	0.469472	0.000000	0.000000
5.218534	0.484810	0.000000	0.000000
5.235988	0.500000	0.000000	0.000000
5.253441	0.515038	0.000000	0.000000
5.270894	0.529919	0.000000	0.000000
5.288348	0.544639	0.000000	0.000000
5.305801	0.559193	0.000000	0.000000
5.323254	0.573576	0.000000	0.000000
5.340708	0.587785	0.000000	0.000000
5.358161	0.601815	0.000000	0.000000
5.375614	0.615661	0.000000	0.000000
5.393067	0.629320	0.000000	0.000000
5.410521	0.642788	0.000000	0.000000
5.427974	0.656059	0.000000	0.000000
5.445427	0.669131	0.000000	0.000000
5.462881	0.681998	0.000000	0.000000
5.480334	0.694658	0.000000	0.000000
5.497787	0.707107	0.000000	0.000000
5.515240	0.719340	0.000000	0.000000
5.532694	0.731354	0.000000	0.000000
5.550147	0.743145	0.000000	0.000000
5.567600	0.754710	0.000000	0.000000
5.585054	0.766044	0.000000	0.000000
5.602507	0.777146	0.000000	0.000000
5.619960	0.788011	0.000000	0.000000
5.637413	0.798636	0.000000	0.000000
5.654867	0.809017	0.000000	0.000000
5.672320	0.819152	0.000000	0.000000
5.689773	0.829038	0.000000	0.000000
5.707227	0.838671	0.000000	0.000000
5.724680	0.848048	0.000000	0.000000
5.742133	0.857167	0.000000	0.000000
5.759587	0.866025	0.000000	0.000000
5.777040	0.874620	0.000000	0.000000
5.794493	0.882948	0.000000	0.000000
5.811946	0.891007	0.000000	0.000000
5.829400	0.898794	0.000000	0.000000
5.846853	0.906308	0.000000	0.000000
5.864306	0.913545	0.000000	0.000000
5.881760	0.920505	0.000000	0.000000
5.899213	0.927184	0.000000	0.000000
5.916666	0.933580	0.000000	0.000000
5.934119	0.939693	0.000000	0.000000
5.951573	0.945519	0.000000	0.000000
5.969026	0.951057	0.000000	0.000000
5.986479	0.956305	0.000000	0.000000
6.003933	0.961262	0.000000	0.000000
6.021386	0.965926	0.000000	0.000000
6.038839	0.970296	0.000000	0.000000
6.056292	0.974370	0.000000	0.000000
6.073746	0.978148	0.000000	0.000000
6.091199	0.981627	0.000000	0.000000
6.108652	0.984808	0.000000	0.000000
6.126106	0.987688	0.000000	0.000000
6.143559	0.990268	0.000000	0.000000
6.161012	0.992546	0.000000	0.000000
6.178466	0.994522	0.000000	0.000000
6.195919	0.996195	0.000000	0.000000
6.213372	0.997564	0.000000	0.000000
6.230825	0.998630	0.000000	0.000000
6.248279	0.999391	0.000000	0.000000
6.265732	0.999848	0.000000	0.000000
6.283185	1.000000	0.000000	0.000000
6.300639	0.999848	0.000000	0.000000
6.318092	0.999391	0.000000	0.000000
6.335545	0.998630	0.000000	0.000000
6.352998	0.997564	0.000000	0.000000
6.370452	0.996195	0.000000	0.000000
6.387905	0.994522	0.000000	0.000000
6.405358	0.992546	0.000000	0.000000
6.422812	0.990268	0.000000	0.000000
6.440265	0.987688	0.000000	0.000000
6.457718	0.984808	0.000000	0.000000
6.475172	0.981627	0.000000	0.000000
6.492625	0.978148	0.000000	0.000000
6.510078	0.974370	0.000000	0.000000
6.527531	0.970296	0.000000	0.000000
6.544985	0.965926	0.000000	0.000000
6.562438	0.961262	0.000000	0.000000
6.579891	0.956305	0.000000	0.000000
6.597345	0.951057	0.000000	0.000000
6.614798	0.945519	0.000000	0.000000
6.632251	0.939693	0.000000	0.000000
6.649704	0.933580	0.000000	0.000000
6.667158	0.927184	0.000000	0.000000
6.684611	0.920505	0.000000	0.000000
6.702064	0.913545	0.000000	0.000000
6.719518	0.906308	0.000000	0.000000
6.736971	0.898794	0.000000	0.000000
6.754424	0.891007	0.000000	0.000000
6.771877	0.882948	0.000000	0.000000
6.789331	0.874620	0.000000	0.000000
6.806784	0.866025	0.000000	0.000000
6.824237	0.857167	0.000000	0.000000
6.841691	0.848048	0.000000	0.000000
6.859144	0.838671	0.000000	0.000000
6.876597	0.829038	0.000000	0.000000
6.894051	0.819152	0.000000	0.000000
6.911504	0.809017	0.000000	0.000000
6.928957	0.798636	0.000000	0.000000
6.946410	0.788011	0.000000	0.000000
6.963864	0.777146	0.000000	0.000000
6.981317	0.766044	0.000000	0.000000
6.998770	0.754710	0.000000	0.000000
7.016224	0.743145	0.000000	0.000000
7.033677	0.731354	0.000000	0.000000
7.051130	0.719340	0.000000	0.000000
7.068583	0.707107	0.000000	0.000000
7.086037	0.694658	0.000000	0.000000
7.103490	0.681998	0.000000	0.000000
7.120943	0.669131	0.000000	0.000000
7.138397	0.656059	0.000000	0.000000
7.155850	0.642788	0.000000	0.000000
7.173303	0.629320	0.000000	0.000000
7.190757	0.615661	0.000000	0.000000
7.208210	0.601815	0.000000	0.000000
7.225663	0.587785	0.000000	0.000000
7.243116	0.573576	0.000000	0.000000
7.260570	0.559193	0.000000	0.000000
7.278023	0.544639	0.000000	0.000000
7.295476	0.529919	0.000000	0.000000
7.312930	0.515038	0.000000	0.000000
7.330383	0.500000	0.000000	0.000000
7.347836	0.484810	0.000000	0.000000
7.365289	0.469472	0.000000	0.000000
7.382743	0.453990	0.000000	0.000000
7.400196	0.438371	0.000000	0.000000
7.417649	0.422618	0.000000	0.000000
7.435103	0.406737	0.000000	0.000000
7.452556	0.390731	0.000000	0.000000
7.470009	0.374607	0.000000	0.000000
7.487462	0.358368	0.000000	0.000000
7.504916	0.342020	0.000000	0.000000
7.522369	0.325568	0.000000	0.000000
7.539822	0.309017	0.000000	0.000000
7.557276	0.292372	0.000000	0.000000
7.574729	0.275637	0.000000	0.000000
7.592182	0.258819	0.000000	0.000000
7.609636	0.241922	0.000000	0.000000
7.627089	0.224951	0.000000	0.000000
7.644542	0.207912	0.000000	0.000000
7.661995	0.190809	0.000000	0.000000
7.679449	0.173648	0.000000	0.000000
7.696902	0.156434	0.000000	0.000001
7.714355	0.139173	0.000000	0.000001
7.731809	0.121869	0.000000	0.000001
7.749262	0.104528	0.000000	0.000001
7.766715	0.087156	0.000000	0.000001
7.784168	0.069756	0.000000	0.000002
7.801622	0.052336	0.000000	0.000002
7.819075	0.034899	0.000000	0.000004
7.836528	0.017452	0.000000	0.000008
7.853982	-0.000000	0.000000	1.060122
7.871435	-0.017453	0.000000	0.000010
7.888888	-0.034900	0.000000	0.000005
7.906342	-0.052336	0.000000	0.000004
7.923795	-0.069757	0.000000	0.000003
7.941248	-0.087156	0.000000	0.000003
7.958701	-0.104529	0.000000	0.000002
7.976155	-0.121870	0.000000	0.000002
7.993608	-0.139173	0.000000	0.000002
8.011061	-0.156435	0.000000	0.000002
8.028515	-0.173648	0.000000	0.000002
8.045968	-0.190809	0.000000	0.000002
8.063421	-0.207912	0.000000	0.000002
8.080874	-0.224951	0.000000	0.000002
8.098328	-0.241922	0.000000	0.000002
8.115781	-0.258819	0.000000	0.000002
8.133234	-0.275638	0.000000	0.000002
8.150688	-0.292372	0.000001	0.000002
8.168141	-0.309018	0.000001	0.000002
8.185594	-0.325569	0.000001	0.000002
8.203047	-0.342021	0.000001	0.000002
8.220501	-0.358369	0.000001	0.000002
8.237954	-0.374607	0.000001	0.000002
8.255407	-0.390732	0.000001	0.000002
8.272861	-0.406737	0.000001	0.000002
8.290314	-0.422619	0.000001	0.000002
8.307767	-0.438372	0.000001	0.000002
8.325221	-0.453992	0.000001	0.000002
8.342674	-0.469473	0.000001	0.000002
8.360127	-0.484811	0.000001	0.000002
8.377580	-0.500001	0.000001	0.000002
8.395034	-0.515039	0.000001	0.000003
8.412487	-0.529921	0.000001	0.000003
8.429940	-0.544641	0.000002	0.000003
8.447394	-0.559195	0.000002	0.000003
8.464847	-0.573578	0.000002	0.000003
8.482300	-0.587787	0.000002	0.000003
8.499753	-0.601817	0.000002	0.000003
8.517207	-0.615664	0.000002	0.000003
8.534660	-0.629323	0.000002	0.000004
8.552113	-0.642790	0.000002	0.000004
8.569567	-0.656062	0.000003	0.000004
8.587020	-0.669133	0.000003	0.000004
8.604473	-0.682001	0.000003	0.000004
8.621926	-0.694661	0.000003	0.000004
8.639380	-0.707110	0.000003	0.000005
8.656833	-0.719343	0.000004	0.000005
8.674286	-0.731357	0.000004	0.000005
8.691740	-0.743149	0.000004	0.000005
8.709193	-0.754714	0.000004	0.000006
8.726646	-0.766049	0.000005	0.000006
8.744100	-0.777151	0.000005	0.000006
8.761553	-0.788016	0.000005	0.000007
8.779006	-0.798641	0.000006	0.000007
8.796459	-0.809023	0.000006	0.000007
8.813913	-0.819158	0.000006	0.000008
8.831366	-0.829044	0.000007	0.000008
8.848819	-0.838678	0.000007	0.000008
8.866273	-0.848056	0.000008	0.000009
8.883726	-0.857175	0.000008	0.000009
8.901179	-0.866034	0.000009	0.000010
8.918632	-0.874629	0.000009	0.000010
8.936086	-0.882957	0.000010	0.000011
8.953539	-0.891017	0.000010	0.000012
8.970992	-0.898805	0.000011	0.000012
8.988446	-0.906319	0.000012	0.000013
9.005899	-0.913558	0.000012	0.000014
9.023352	-0.920518	0.000013	0.000014
9.040806	-0.927198	0.000014	0.000015
9.058259	-0.933595	0.000015	0.000016
9.075712	-0.939709	0.000016	0.000017
9.093165	-0.945535	0.000017	0.000018
9.110619	-0.951074	0.000018	0.000019
9.128072	-0.956324	0.000019	0.000020
9.145525	-0.961282	0.000020	0.000021
9.162979	-0.965947	0.000022	0.000022
9.180432	-0.970319	0.000023	0.000024
9.197885	-0.974394	0.000024	0.000025
9.215338	-0.978173	0.000026	0.000026
9.232792	-0.981655	0.000027	0.000028
9.250245	-0.984837	0.000029	0.000030
9.267698	-0.987719	0.000031	0.000031
9.285152	-0.990301	0.000033	0.000033
9.302605	-0.992581	0.000035	0.000035
9.320058	-0.994559	0.000037	0.000037
9.337511	-0.996234	0.000039	0.000039
9.354965	-0.997606	0.000042	0.000042
9.372418	-0.998674	0.000044	0.000044
9.389871	-0.999438	0.000047	0.000047
9.407325	-0.999898	0.000050	0.000050
9.424778	-1.000053	0.000053	0.000053
9.442231	-0.999904	0.000056	0.000056
9.459685	-0.999450	0.000059	0.000060
9.477138	-0.998693	0.000063	0.000063
9.494591	-0.997631	0.000067	0.000067
9.512044	-0.996266	0.000071	0.000071
9.529498	-0.994597	0.000075	0.000076
9.546951	-0.992626	0.000080	0.000080
9.564404	-0.990353	0.000084	0.000085
9.581858	-0.987778	0.000089	0.000091
9.599311	-0.984903	0.000095	0.000096
9.616764	-0.981728	0.000100	0.000102
9.634217	-0.978254	0.000106	0.000109
9.651671	-0.974483	0.000113	0.000116
9.669124	-0.970415	0.000119	0.000123
9.686577	-0.966052	0.000127	0.000131
9.704031	-0.961396	0.000134	0.000139
9.721484	-0.956447	0.000142	0.000148
9.738937	-0.951207	0.000150	0.000158
9.756391	-0.945678	0.000159	0.000168
9.773844	-0.939861	0.000168	0.000179
9.791297	-0.933759	0.000178	0.000191
9.808750	-0.927372	0.000189	0.000203
9.826204	-0.920704	0.000200	0.000217
9.843657	-0.913757	0.000211	0.000231
9.861110	-0.906531	0.000223	0.000246
9.878564	-0.899030	0.000236	0.000263
9.896017	-0.891257	0.000250	0.000280
9.913470	-0.883212	0.000264	0.000299
9.930923	-0.874899	0.000280	0.000320
9.948377	-0.866321	0.000296	0.000341
9.965830	-0.857480	0.000313	0.000365
9.983283	-0.848379	0.000331	0.000390
10.000737	-0.839020	0.000349	0.000417
10.018190	-0.829407	0.000369	0.000445
10.035643	-0.819543	0.000390	0.000476
10.053096	-0.809430	0.000413	0.000510
10.070550	-0.799072	0.000436	0.000546
10.088003	-0.788472	0.000461	0.000584
10.105456	-0.777633	0.000487	0.000626
10.122910	-0.766559	0.000514	0.000671
10.140363	-0.755253	0.000543	0.000719
10.157816	-0.743719	0.000574	0.000772
10.175270	-0.731960	0.000606	0.000828
10.192723	-0.719980	0.000640	0.000889
10.210176	-0.707783	0.000676	0.000955
10.227629	-0.695372	0.000714	0.001026
10.245083	-0.682752	0.000754	0.001104
10.262536	-0.669926	0.000796	0.001187
10.279989	-0.656899	0.000840	0.001278
10.297443	-0.643674	0.000886	0.001377
10.314896	-0.630256	0.000935	0.001484
10.332349	-0.616649	0.000987	0.001601
10.349802	-0.602857	0.001042	0.001728
10.367256	-0.588884	0.001099	0.001866
10.384709	-0.574736	0.001159	0.002017
10.402162	-0.560416	0.001223	0.002182
10.419616	-0.545929	0.001290	0.002363
10.437069	-0.531280	0.001361	0.002561
10.454522	-0.516473	0.001435	0.002778
10.471976	-0.501513	0.001513	0.003017
10.489429	-0.486405	0.001595	0.003280
10.506882	-0.471154	0.001682	0.003570
10.524335	-0.455764	0.001773	0.003891
10.541789	-0.440240	0.001869	0.004246
10.559242	-0.424589	0.001970	0.004640
10.576695	-0.408813	0.002077	0.005080
10.594149	-0.392920	0.002188	0.005570
10.611602	-0.376913	0.002306	0.006118
10.629055	-0.360798	0.002430	0.006735
10.646508	-0.344580	0.002560	0.007429
10.663962	-0.328265	0.002697	0.008216
10.681415	-0.311858	0.002841	0.009110
10.698868	-0.295364	0.002992	0.010131
10.716322	-0.278789	0.003152	0.011305
10.733775	-0.262138	0.003319	0.012662
10.751228	-0.245417	0.003495	0.014242
10.768681	-0.228631	0.003680	0.016097
10.786135	-0.211787	0.003875	0.018296
10.803588	-0.194888	0.004079	0.020932
10.821041	-0.177942	0.004294	0.024133
10.838495	-0.160955	0.004520	0.028083
10.855948	-0.143931	0.004757	0.033054
10.873401	-0.126876	0.005007	0.039463
10.890855	-0.109797	0.005269	0.047987
10.908308	-0.092700	0.005544	0.059808
10.925761	-0.075590	0.005833	0.077171
10.943214	-0.058473	0.006137	0.104956
10.960668	-0.041356	0.006456	0.156114
10.978121	-0.024244	0.006791	0.280126
10.995574	-0.007143	0.007143	0.999998
11.013028	0.009940	0.007513	0.755831
11.030481	0.026999	0.007901	0.292633
11.047934	0.044028	0.008308	0.188701
11.065387	0.061021	0.008736	0.143161
11.082841	0.077971	0.009185	0.117797
11.100294	0.094872	0.009656	0.101779
11.117747	0.111719	0.010151	0.090859
11.135201	0.128503	0.010670	0.083031
11.152654	0.145220	0.011215	0.077225
11.170107	0.161862	0.011786	0.072817
11.187560	0.178423	0.012386	0.069420
11.205014	0.194896	0.013015	0.066782
11.222467	0.211275	0.013676	0.064730
11.239920	0.227553	0.014368	0.063143
11.257374	0.243724	0.015095	0.061935
11.274827	0.259780	0.015857	0.061040
11.292280	0.275715	0.016656	0.060411
11.309734	0.291522	0.017495	0.060011
11.327187	0.307195	0.018374	0.059811
11.344640	0.322725	0.019295	0.059788
11.362093	0.338106	0.020262	0.059927
11.379547	0.353332	0.021275	0.060212
11.397000	0.368394	0.022337	0.060633
11.414453	0.383286	0.023450	0.061182
11.431907	0.398001	0.024617	0.061852
11.449360	0.412531	0.025840	0.062639
11.466813	0.426868	0.027122	0.063538
11.484266	0.441006	0.028466	0.064547
11.501720	0.454936	0.029873	0.065665
11.519173	0.468652	0.031348	0.066890
11.536626	0.482144	0.032894	0.068224
11.554080	0.495407	0.034513	0.069665
11.571533	0.508430	0.036209	0.071217
11.588986	0.521208	0.037985	0.072880
11.606440	0.533730	0.039846	0.074656
11.623893	0.545990	0.041795	0.076550
11.641346	0.557979	0.043836	0.078563
11.658799	0.569688	0.045974	0.080700
11.676253	0.581108	0.048212	0.082966
11.693706	0.592232	0.050556	0.085365
11.711159	0.603050	0.053010	0.087902
11.728613	0.613552	0.055578	0.090585
11.746066	0.623731	0.058268	0.093418
11.763519	0.633576	0.061082	0.096409
11.780972	0.643078	0.064029	0.099566
11.798426	0.652227	0.067113	0.102898
11.815879	0.661014	0.070340	0.106412
11.833332	0.669427	0.073717	0.110120
11.850786	0.677458	0.077252	0.114031
11.868239	0.685095	0.080949	0.118158
11.885692	0.692328	0.084818	0.122512
11.903145	0.699145	0.088866	0.127107
11.920599	0.705535	0.093101	0.131958
11.938052	0.711487	0.097530	0.137080
11.955505	0.716989	0.102164	0.142490
11.972959	0.722028	0.107010	0.148207
11.990412	0.726593	0.112078	0.154251
12.007865	0.730670	0.117378	0.160644
12.025319	0.734247	0.122921	0.167411
12.042772	0.737309	0.128716	0.174576
12.060225	0.739844	0.134776	0.182168
12.077678	0.741836	0.141111	0.190219
12.095132	0.743272	0.147735	0.198763
12.112585	0.744135	0.154659	0.207837
12.130038	0.744412	0.161896	0.217482
12.147492	0.744084	0.169461	0.227745
12.164945	0.743137	0.177368	0.238674
12.182398	0.741553	0.185631	0.250327
12.199851	0.739314	0.194266	0.262766
12.217305	0.736403	0.203290	0.276058
12.234758	0.732800	0.212719	0.290283
12.252211	0.728486	0.222571	0.305525
12.269665	0.723441	0.232863	0.321883
12.287118	0.717646	0.243616	0.339466
12.304571	0.711077	0.254849	0.358398
12.322025	0.703714	0.266582	0.378822
12.339478	0.695532	0.278838	0.400898
12.356931	0.686510	0.291638	0.424813
12.374384	0.676621	0.305006	0.450779
12.391838	0.665841	0.318967	0.479044
12.409291	0.654143	0.333545	0.509896
12.426744	0.641500	0.348768	0.543675
12.444198	0.627885	0.364662	0.580778
12.461651	0.613266	0.381256	0.621680
12.479104	0.597615	0.398580	0.666951
12.496557	0.580899	0.416665	0.717275
12.514011	0.563087	0.435543	0.773492
12.531464	0.544143	0.455248	0.836633
12.548917	0.524033	0.475815	0.907987
12.566371	0.502720	0.497280	0.989178
